JCT US 1973 01 30 21 01 12.500 1973 01 30 23 01 09.620 1 *
JCT US 1973 02 06 10 37 10.100 1973 02 06 12 37 07.220 1 *
JCT US 1973 02 28 06 37 49.500 1973 02 28 08 37 46.620 1 *
JCT US 1973 03 17 08 30 51.800 1973 03 17 10 30 48.920 1 *
JCT US 1973 06 17 03 55 02.900 1973 06 17 05 55 00.020 1 *
JCT US 1973 06 24 02 43 25.500 1973 06 24 04 43 22.620 1 *
JCT US 1973 10 06 15 07 37.300 1973 10 06 17 07 34.420 1 *
JCT US 1973 12 28 13 41 45.800 1973 12 28 15 41 42.920 1 *
JCT US 1973 12 29 00 19 31.100 1973 12 29 02 19 28.220 1 *
JCT US 1974 01 10 08 51 13.300 1974 01 10 10 51 10.420 1 *
JCT US 1974 01 31 23 30 05.300 1974 02 01 01 30 02.420 1 *
JCT US 1974 02 01 03 12 33.100 1974 02 01 05 12 30.220 1 *
JCT US 1974 07 02 23 26 26.600 1974 07 03 01 26 23.720 1 *
JCT US 1974 07 13 01 18 22.800 1974 07 13 03 18 19.920 1 *
JCT US 1974 08 11 01 13 55.500 1974 08 11 03 13 52.620 1 *
JCT US 1974 08 18 10 44 12.800 1974 08 18 12 44 09.920 1 *
JCT US 1974 10 03 14 21 29.100 1974 10 03 16 21 26.220 1 *
JCT US 1974 10 08 09 50 58.100 1974 10 08 11 50 55.220 1 *
JCT US 1974 10 23 06 14 54.000 1974 10 23 08 14 51.120 1 *
JCT US 1974 11 09 12 59 49.800 1974 11 09 14 59 46.920 1 *
JCT US 1975 02 02 08 43 39.100 1975 02 02 10 43 36.220 1 *
JCT US 1975 02 04 11 36 07.500 1975 02 04 13 36 04.620 1 *
JCT US 1975 05 10 14 27 38.700 1975 05 10 16 27 35.820 1 *
JCT US 1975 05 26 09 11 51.500 1975 05 26 11 11 48.620 1 *
JCT US 1975 06 10 13 47 14.500 1975 06 10 15 47 11.620 1 *
JCT US 1975 07 20 14 37 39.900 1975 07 20 16 37 37.020 1 *
JCT US 1975 07 20 19 54 27.700 1975 07 20 21 54 24.820 1 *
JCT US 1975 10 01 03 29 58.900 1975 10 01 05 29 56.020 1 *
JCT US 1975 10 06 22 24 16.200 1975 10 07 00 24 13.320 1 *
JCT US 1975 10 11 14 35 15.000 1975 10 11 16 35 12.120 1 *
JCT US 1975 10 31 08 28 02.600 1975 10 31 10 27 59.720 1 *
JCT US 1975 11 29 14 47 40.400 1975 11 29 16 47 37.520 1 *
JCT US 1975 12 26 15 56 38.700 1975 12 26 17 56 35.820 1 *
JCT US 1976 01 14 16 47 33.500 1976 01 14 18 47 30.620 1 *
JCT US 1976 01 21 10 05 24.100 1976 01 21 12 05 21.220 1 *
JCT US 1976 02 04 09 01 43.400 1976 02 04 11 01 40.520 1 *
JCT US 1976 04 08 02 40 27.000 1976 04 08 04 40 24.120 1 *
JCT US 1976 05 17 02 58 40.600 1976 05 17 04 58 37.720 1 *
JCT US 1976 05 29 14 00 18.500 1976 05 29 16 00 15.620 1 *
JCT US 1976 06 20 20 53 13.400 1976 06 20 22 53 10.520 1 *
JCT US 1976 06 25 19 18 56.900 1976 06 25 21 18 54.020 1 *
JCT US 1976 07 11 20 41 47.500 1976 07 11 22 41 44.620 1 *
JCT US 1976 07 27 19 42 54.600 1976 07 27 21 42 51.720 1 *
JCT US 1976 07 28 10 45 35.200 1976 07 28 12 45 32.320 1 *
JCT US 1976 08 16 16 11 07.300 1976 08 16 18 11 04.420 1 *
JCT US 1976 10 29 02 51 07.600 1976 10 29 04 51 04.720 1 *
JCT US 1976 11 24 12 22 18.800 1976 11 24 14 22 15.920 1 *
JCT US 1977 03 18 21 43 52.400 1977 03 18 23 43 49.520 1 *
JCT US 1977 04 02 07 15 22.700 1977 04 02 09 15 19.820 1 *
JCT US 1977 04 20 23 42 50.500 1977 04 21 01 42 47.620 1 *
JCT US 1977 04 20 23 49 13.100 1977 04 21 01 49 10.220 1 *
JCT US 1977 04 21 04 24 09.600 1977 04 21 06 24 06.720 1 *
JCT US 1977 07 29 11 15 45.300 1977 07 29 13 15 42.420 1 *
JCT US 1977 08 19 06 08 55.200 1977 08 19 08 08 52.320 1 *
JCT US 1977 08 26 19 50 01.400 1977 08 26 21 49 58.520 1 *
JCT US 1977 10 10 11 53 53.600 1977 10 10 13 53 50.720 1 *
JCT US 1977 11 23 09 26 24.700 1977 11 23 11 26 21.820 1 *
JCT US 1978 02 09 21 35 12.700 1978 02 09 23 35 09.820 1 *
JCT US 1978 03 23 03 15 20.300 1978 03 23 05 15 17.420 1 *
JCT US 1978 03 24 19 47 50.700 1978 03 24 21 47 47.820 1 *
JCT US 1978 03 24 21 05 48.200 1978 03 24 23 05 45.320 1 *
JCT US 1978 06 12 08 14 26.400 1978 06 12 10 14 23.520 1 *
JCT US 1978 06 17 15 11 33.500 1978 06 17 17 11 30.620 1 *
JCT US 1978 07 23 14 42 36.900 1978 07 23 16 42 34.020 1 *
JCT US 1978 08 23 00 38 32.200 1978 08 23 02 38 29.320 1 *
JCT US 1978 09 16 15 35 56.600 1978 09 16 17 35 53.720 1 *
JCT US 1978 11 05 22 02 07.100 1978 11 06 00 02 04.220 1 *
JCT US 1978 11 29 19 52 47.600 1978 11 29 21 52 44.720 1 *
JCT US 1978 12 23 11 23 12.000 1978 12 23 13 23 09.120 1 *
JCT US 1979 02 28 21 27 06.100 1979 02 28 23 27 03.220 1 *
JCT US 1979 03 14 11 07 16.300 1979 03 14 13 07 13.420 1 *
JCT US 1979 08 26 14 31 22.100 1979 08 26 16 31 19.220 1 *
JCT US 1979 09 12 05 17 51.400 1979 09 12 07 17 48.520 1 *
JCT US 1979 10 12 10 25 22.300 1979 10 12 12 25 19.420 1 *
JCT US 1979 10 23 09 51 06.700 1979 10 23 11 51 03.820 1 *
JCT US 1979 11 27 17 10 32.900 1979 11 27 19 10 30.020 1 *
JCT US 1979 12 12 07 59 03.300 1979 12 12 09 59 00.420 1 *
JCT US 1980 02 23 05 51 03.200 1980 02 23 07 51 00.320 1 *
JCT US 1980 07 08 23 19 19.800 1980 07 09 01 19 16.920 1 *
JCT US 1980 07 17 19 42 23.200 1980 07 17 21 42 20.320 1 *
JCT US 1980 10 10 12 25 23.500 1980 10 10 14 25 20.620 1 *
JCT US 1980 10 25 11 00 05.100 1980 10 25 13 00 02.220 1 *
JCT US 1980 11 08 10 27 34.000 1980 11 08 12 27 31.120 1 *
JCT US 1981 01 18 18 11 28.000 1981 01 18 20 11 25.120 1 *
JCT US 1981 01 30 08 52 44.100 1981 01 30 10 52 41.220 1 *
JCT US 1981 05 25 05 25 14.460 1981 05 25 07 25 11.580 1 *
JCT US 1981 07 06 03 08 24.180 1981 07 06 05 08 21.300 1 *
JCT US 1981 07 15 07 59 08.470 1981 07 15 09 59 05.590 1 *
JCT US 1981 07 28 17 22 24.620 1981 07 28 19 22 21.740 1 *
JCT US 1981 09 01 09 29 31.540 1981 09 01 11 29 28.660 1 *
JCT US 1981 10 16 03 25 42.220 1981 10 16 05 25 39.340 1 *
JCT US 1981 10 25 03 22 15.570 1981 10 25 05 22 12.690 1 *
JCT US 1981 12 19 14 10 50.720 1981 12 19 16 10 47.840 1 *
JCT US 1981 12 26 17 05 32.520 1981 12 26 19 05 29.640 1 *
JCT US 1982 01 11 06 10 06.490 1982 01 11 08 10 03.610 1 *
JCT US 1982 06 07 10 59 40.160 1982 06 07 12 59 37.280 1 *
JCT US 1982 07 04 01 20 06.800 1982 07 04 03 20 03.920 1 *
JCT US 1982 07 07 10 43 03.740 1982 07 07 12 43 00.860 1 *
JCT US 1982 07 23 14 23 53.570 1982 07 23 16 23 50.690 1 *
JCT US 1982 08 05 20 32 52.950 1982 08 05 22 32 50.070 1 *
JCT US 1982 12 19 17 43 54.850 1982 12 19 19 43 51.970 1 *
JCT US 1983 01 17 12 41 29.700 1983 01 17 14 41 26.820 1 *
JCT US 1983 01 26 16 02 21.350 1983 01 26 18 02 18.470 1 *
JCT US 1983 03 18 09 05 50.000 1983 03 18 11 05 47.120 1 *
JCT US 1983 04 03 02 50 01.180 1983 04 03 04 49 58.300 1 *
JCT US 1983 04 12 12 07 54.520 1983 04 12 14 07 51.640 1 *
JCT US 1983 04 18 10 58 51.260 1983 04 18 12 58 48.380 1 *
JCT US 1983 05 26 02 59 59.600 1983 05 26 04 59 56.720 1 *
JCT US 1983 08 17 10 55 54.130 1983 08 17 12 55 51.250 1 *
JCT US 1983 10 04 18 52 13.300 1983 10 04 20 52 10.420 1 *
JCT US 1983 10 22 04 21 35.010 1983 10 22 06 21 32.130 1 *
JCT US 1983 11 24 05 30 34.230 1983 11 24 07 30 31.350 1 *
JCT US 1983 11 30 17 46 00.670 1983 11 30 19 45 57.790 1 *
JCT US 1983 12 02 03 09 05.660 1983 12 02 05 09 02.780 1 *
JCT US 1983 12 30 23 52 39.930 1983 12 31 01 52 37.050 1 *
JCT US 1984 01 01 09 03 38.850 1984 01 01 11 03 35.970 1 *
JCT US 1984 01 08 15 24 13.560 1984 01 08 17 24 10.680 1 *
JCT US 1984 02 07 21 33 21.490 1984 02 07 23 33 18.610 1 *
JCT US 1984 03 05 03 33 50.990 1984 03 05 05 33 48.110 1 *
JCT US 1984 03 06 02 17 21.260 1984 03 06 04 17 18.380 1 *
JCT US 1984 03 19 20 28 38.240 1984 03 19 22 28 35.360 1 *
JCT US 1984 03 24 09 44 02.600 1984 03 24 11 43 59.720 1 *
JCT US 1984 05 30 07 49 43.660 1984 05 30 09 49 40.780 1 *
JCT US 1984 08 06 12 01 52.400 1984 08 06 14 01 49.520 1 *
JCT US 1984 10 15 10 21 07.500 1984 10 15 12 21 04.620 1 *
JCT US 1984 11 01 04 48 50.270 1984 11 01 06 48 47.390 1 *
JCT US 1984 11 15 02 46 19.880 1984 11 15 04 46 17.000 1 *
JCT US 1984 11 17 06 49 30.020 1984 11 17 08 49 27.140 1 *
JCT US 1984 11 20 08 15 16.230 1984 11 20 10 15 13.350 1 *
JCT US 1985 03 03 22 47 07.280 1985 03 04 00 47 04.400 1 *
JCT US 1985 03 04 00 32 21.870 1985 03 04 02 32 18.990 1 *
JCT US 1985 04 09 01 56 59.480 1985 04 09 03 56 56.600 1 *
JCT US 1985 04 13 03 00 06.780 1985 04 13 05 00 03.900 1 *
JCT US 1985 04 23 16 15 12.020 1985 04 23 18 15 09.140 1 *
JCT US 1985 05 10 15 35 50.590 1985 05 10 17 35 47.710 1 *
JCT US 1985 07 03 04 36 51.730 1985 07 03 06 36 48.850 1 *
JCT US 1985 07 29 07 54 44.070 1985 07 29 09 54 41.190 1 *
JCT US 1985 08 23 12 41 56.160 1985 08 23 14 41 53.280 1 *
JCT US 1985 09 19 13 17 47.350 1985 09 19 15 17 44.470 1 *
JCT US 1985 09 21 01 37 13.470 1985 09 21 03 37 10.590 1 *
JCT US 1985 11 17 09 40 21.290 1985 11 17 11 40 18.410 1 *
JCT US 1985 11 28 02 25 42.340 1985 11 28 04 25 39.460 1 *
JCT US 1985 11 28 03 49 54.150 1985 11 28 05 49 51.270 1 *
JCT US 1985 12 21 01 13 22.410 1985 12 21 03 13 19.530 1 *
JCT US 1986 01 15 20 17 42.710 1986 01 15 22 17 39.830 1 *
JCT US 1986 04 30 07 07 18.120 1986 04 30 09 07 15.240 1 *
JCT US 1986 05 07 22 47 10.870 1986 05 08 00 47 07.990 1 *
JCT US 1986 05 26 19 06 15.990 1986 05 26 21 06 13.110 1 *
JCT US 1986 06 16 10 48 25.780 1986 06 16 12 48 22.900 1 *
JCT US 1986 06 24 03 11 30.930 1986 06 24 05 11 28.050 1 *
JCT US 1986 08 14 19 39 13.670 1986 08 14 21 39 10.790 1 *
JCT US 1986 08 30 21 28 35.450 1986 08 30 23 28 32.570 1 *
JCT US 1986 10 20 06 46 09.980 1986 10 20 08 46 07.100 1 *
JCT US 1986 10 30 01 28 54.590 1986 10 30 03 28 51.710 1 *
JCT US 1986 11 14 21 20 10.550 1986 11 14 23 20 07.670 1 *
JCT US 1987 01 30 22 29 42.090 1987 01 31 00 29 39.210 1 *
JCT US 1987 02 08 18 33 58.390 1987 02 08 20 33 55.510 1 *
JCT US 1987 03 05 09 17 05.280 1987 03 05 11 17 02.400 1 *
JCT US 1987 03 05 10 55 12.350 1987 03 05 12 55 09.470 1 *
JCT US 1987 03 06 04 10 41.960 1987 03 06 06 10 39.080 1 *
JCT US 1987 04 01 01 48 08.520 1987 04 01 03 48 05.640 1 *
JCT US 1987 06 17 01 32 53.720 1987 06 17 03 32 50.840 1 *
JCT US 1987 08 08 15 48 56.750 1987 08 08 17 48 53.870 1 *
JCT US 1987 09 03 06 40 13.910 1987 09 03 08 40 11.030 1 *
JCT US 1987 10 06 04 19 06.080 1987 10 06 06 19 03.200 1 *
JCT US 1987 10 12 13 57 04.790 1987 10 12 15 57 01.910 1 *
JCT US 1987 10 16 20 48 01.640 1987 10 16 22 47 58.760 1 *
JCT US 1987 11 30 19 23 19.590 1987 11 30 21 23 16.710 1 *
JCT US 1988 01 19 07 30 31.860 1988 01 19 09 30 28.980 1 *
JCT US 1988 02 05 14 01 02.750 1988 02 05 16 00 59.870 1 *
JCT US 1988 02 24 03 52 03.290 1988 02 24 05 52 00.410 1 *
JCT US 1988 03 06 22 35 38.140 1988 03 07 00 35 35.260 1 *
JCT US 1988 04 12 23 19 55.570 1988 04 13 01 19 52.690 1 *
JCT US 1988 07 23 15 17 08.180 1988 07 23 17 17 05.300 1 *
JCT US 1988 07 25 06 46 06.690 1988 07 25 08 46 03.810 1 *
JCT US 1988 08 06 00 36 24.650 1988 08 06 02 36 21.770 1 *
JCT US 1988 08 10 04 38 26.170 1988 08 10 06 38 23.290 1 *
JCT US 1988 10 08 04 46 24.530 1988 10 08 06 46 21.650 1 *
JCT US 1988 11 06 13 03 19.340 1988 11 06 15 03 16.460 1 *
JCT US 1989 02 10 11 15 24.680 1989 02 10 13 15 21.800 1 *
JCT US 1989 05 05 18 28 39.450 1989 05 05 20 28 36.570 1 *
JCT US 1989 05 14 00 59 50.450 1989 05 14 02 59 47.570 1 *
JCT US 1989 05 23 10 54 46.320 1989 05 23 12 54 43.440 1 *
JCT US 1989 09 04 13 14 58.250 1989 09 04 15 14 55.370 1 *
JCT US 1989 11 01 18 25 34.940 1989 11 01 20 25 32.060 1 *
JCT US 1989 12 07 13 38 44.850 1989 12 07 15 38 41.970 1 *
JCT US 1989 12 15 18 43 45.030 1989 12 15 20 43 42.150 1 *
JCT US 1990 03 03 12 16 27.960 1990 03 03 14 16 25.080 1 *
JCT US 1990 03 05 16 38 12.570 1990 03 05 18 38 09.690 1 *
JCT US 1990 03 25 13 22 55.600 1990 03 25 15 22 52.720 1 *
JCT US 1990 04 05 21 12 35.550 1990 04 05 23 12 32.670 1 *
JCT US 1990 04 18 13 39 19.010 1990 04 18 15 39 16.130 1 *
JCT US 1990 05 12 04 50 08.710 1990 05 12 06 50 05.830 1 *
JCT US 1990 05 20 02 22 01.620 1990 05 20 04 21 58.740 1 *
JCT US 1990 05 24 20 00 08.190 1990 05 24 22 00 05.310 1 *
JCT US 1990 05 24 20 09 23.240 1990 05 24 22 09 20.360 1 *
JCT US 1990 05 30 10 40 06.140 1990 05 30 12 40 03.260 1 *
JCT US 1990 06 14 07 40 56.210 1990 06 14 09 40 53.330 1 *
JCT US 1990 06 20 21 00 09.980 1990 06 20 23 00 07.100 1 *
JCT US 1990 07 16 07 26 34.610 1990 07 16 09 26 31.730 1 *
JCT US 1990 07 27 12 37 59.550 1990 07 27 14 37 56.670 1 *
JCT US 1990 08 12 21 25 21.950 1990 08 12 23 25 19.070 1 *
JCT US 1990 10 17 14 30 13.160 1990 10 17 16 30 10.280 1 *
JCT US 1990 11 06 20 14 29.740 1990 11 06 22 14 26.860 1 *
JCT US 1990 12 30 19 14 18.930 1990 12 30 21 14 16.050 1 *
JCT US 1991 01 05 14 57 11.590 1991 01 05 16 57 08.710 1 *
JCT US 1991 02 18 02 37 25.120 1991 02 18 04 37 22.240 1 *
JCT US 1991 04 05 04 19 49.520 1991 04 05 06 19 46.640 1 *
JCT US 1991 04 22 21 56 51.820 1991 04 22 23 56 48.940 1 *
JCT US 1991 04 29 09 12 48.100 1991 04 29 11 12 45.220 1 *
JCT US 1991 05 19 00 58 01.730 1991 05 19 02 57 58.850 1 *
JCT US 1991 05 30 13 17 41.970 1991 05 30 15 17 39.090 1 *
JCT US 1991 06 09 07 45 02.130 1991 06 09 09 44 59.250 1 *
JCT US 1991 06 20 05 18 52.510 1991 06 20 07 18 49.630 1 *
JCT US 1991 06 23 21 22 28.940 1991 06 23 23 22 26.060 1 *
JCT US 1991 07 06 12 19 49.560 1991 07 06 14 19 46.680 1 *
JCT US 1991 08 17 22 17 09.970 1991 08 18 00 17 07.090 1 *
JCT US 1991 09 30 00 21 46.410 1991 09 30 02 21 43.530 1 *
JCT US 1991 10 14 15 58 12.790 1991 10 14 17 58 09.910 1 *
JCT US 1991 11 19 22 28 51.090 1991 11 20 00 28 48.210 1 *
JCT US 1991 12 22 08 43 13.410 1991 12 22 10 43 10.530 1 *
JCT US 1991 12 27 04 05 58.240 1991 12 27 06 05 55.360 1 *
JCT US 1992 04 25 18 06 05.180 1992 04 25 20 06 02.300 1 *
JCT US 1992 05 15 07 05 05.340 1992 05 15 09 05 02.460 1 *
JCT US 1992 05 17 09 49 19.110 1992 05 17 11 49 16.230 1 *
JCT US 1992 05 17 10 15 31.310 1992 05 17 12 15 28.430 1 *
JCT US 1992 05 27 05 13 38.810 1992 05 27 07 13 35.930 1 *
JCT US 1992 06 28 11 57 34.130 1992 06 28 13 57 31.250 1 *
JCT US 1992 07 11 10 44 19.760 1992 07 11 12 44 16.880 1 *
JCT US 1992 08 19 02 04 37.410 1992 08 19 04 04 34.530 1 *
JCT US 1992 09 02 00 16 01.690 1992 09 02 02 15 58.810 1 *
JCT US 1992 10 11 19 24 26.290 1992 10 11 21 24 23.410 1 *
JCT US 1992 10 18 15 11 59.110 1992 10 18 17 11 56.230 1 *
JCT US 1992 12 12 05 29 26.350 1992 12 12 07 29 23.470 1 *
JCT US 1992 12 20 20 52 47.280 1992 12 20 22 52 44.400 1 *
JCT US 1993 01 15 11 06 05.950 1993 01 15 13 06 03.070 1 *
JCT US 1993 03 06 03 05 49.870 1993 03 06 05 05 46.990 1 *
JCT US 1993 05 11 18 26 51.320 1993 05 11 20 26 48.440 1 *
JCT US 1993 05 24 23 51 28.240 1993 05 25 01 51 25.360 1 *
JCT US 1993 06 08 13 03 36.480 1993 06 08 15 03 33.600 1 *
JCT US 1993 07 12 13 17 11.960 1993 07 12 15 17 09.080 1 *
JCT US 1993 08 08 08 34 24.930 1993 08 08 10 34 22.050 1 *
JCT US 1993 08 09 12 42 48.190 1993 08 09 14 42 45.310 1 *
JCT US 1993 08 10 00 51 53.250 1993 08 10 02 51 50.370 1 *
JCT US 1993 09 10 19 12 54.620 1993 09 10 21 12 51.740 1 *
JCT US 1993 11 13 01 18 04.180 1993 11 13 03 18 01.300 1 *
JCT US 1993 12 29 07 48 14.200 1993 12 29 09 48 11.320 1 *
JCT US 1994 01 21 02 24 29.960 1994 01 21 04 24 27.080 1 *
JCT US 1994 02 12 17 58 23.990 1994 02 12 19 58 21.110 1 *
JCT US 1994 03 09 23 28 06.780 1994 03 10 01 28 03.900 1 *
JCT US 1994 03 14 04 30 15.750 1994 03 14 06 30 12.870 1 *
JCT US 1994 06 02 18 17 34.020 1994 06 02 20 17 31.140 1 *
JCT US 1994 06 09 00 33 16.230 1994 06 09 02 33 13.350 1 *
JCT US 1994 07 13 02 35 56.020 1994 07 13 04 35 53.140 1 *
JCT US 1994 07 21 18 36 31.740 1994 07 21 20 36 28.860 1 *
JCT US 1994 09 01 15 15 48.310 1994 09 01 17 15 45.430 1 *
JCT US 1994 10 04 13 22 55.840 1994 10 04 15 22 52.960 1 *
JCT US 1994 10 09 07 55 39.580 1994 10 09 09 55 36.700 1 *
JCT US 1994 11 14 19 15 30.660 1994 11 14 21 15 27.780 1 *
JCT US 1994 12 28 12 19 23.030 1994 12 28 14 19 20.150 1 *
JCT US 1995 01 06 22 37 34.320 1995 01 07 00 37 31.440 1 *
JCT US 1995 02 05 22 51 05.140 1995 02 06 00 51 02.260 1 *
JCT US 1995 04 07 22 06 56.890 1995 04 08 00 06 54.010 1 *
JCT US 1995 04 21 00 34 46.090 1995 04 21 02 34 43.210 1 *
JCT US 1995 05 05 03 53 45.050 1995 05 05 05 53 42.170 1 *
JCT US 1995 05 16 20 12 44.220 1995 05 16 22 12 41.340 1 *
JCT US 1995 05 27 13 03 52.650 1995 05 27 15 03 49.770 1 *
JCT US 1995 07 03 19 50 50.620 1995 07 03 21 50 47.740 1 *
JCT US 1995 07 30 05 11 23.630 1995 07 30 07 11 20.750 1 *
JCT US 1995 08 16 10 27 28.630 1995 08 16 12 27 25.750 1 *
JCT US 1995 08 16 23 10 23.980 1995 08 17 01 10 21.100 1 *
JCT US 1995 08 23 07 06 02.760 1995 08 23 09 05 59.880 1 *
JCT US 1995 09 14 14 04 31.430 1995 09 14 16 04 28.550 1 *
JCT US 1995 10 03 01 51 23.900 1995 10 03 03 51 21.020 1 *
JCT US 1995 10 09 15 35 53.910 1995 10 09 17 35 51.030 1 *
JCT US 1995 10 18 10 37 26.380 1995 10 18 12 37 23.500 1 *
JCT US 1995 10 21 02 38 57.120 1995 10 21 04 38 54.240 1 *
JCT US 1995 11 22 04 15 11.940 1995 11 22 06 15 09.060 1 *
JCT US 1995 12 03 18 01 08.990 1995 12 03 20 01 06.110 1 *
JCT US 1995 12 25 04 43 24.460 1995 12 25 06 43 21.580 1 *
JCT US 1996 01 01 08 05 10.830 1996 01 01 10 05 07.950 1 *
JCT US 1996 02 07 21 36 46.300 1996 02 07 23 36 43.420 1 *
JCT US 1996 02 17 05 59 30.550 1996 02 17 07 59 27.670 1 *
JCT US 1996 02 21 12 51 01.300 1996 02 21 14 50 58.420 1 *
JCT US 1996 02 25 03 08 15.870 1996 02 25 05 08 12.990 1 *
JCT US 1996 04 16 00 30 54.670 1996 04 16 02 30 51.790 1 *
JCT US 1996 04 29 14 40 41.090 1996 04 29 16 40 38.210 1 *
JCT US 1996 06 02 02 52 09.550 1996 06 02 04 52 06.670 1 *
JCT US 1996 06 10 04 03 35.480 1996 06 10 06 03 32.600 1 *
JCT US 1996 06 10 15 24 56.000 1996 06 10 17 24 53.120 1 *
JCT US 1996 06 11 18 22 55.730 1996 06 11 20 22 52.850 1 *
JCT US 1996 06 17 11 22 18.540 1996 06 17 13 22 15.660 1 *
JCT US 1996 07 22 14 19 35.770 1996 07 22 16 19 32.890 1 *
JCT US 1996 08 05 22 38 22.090 1996 08 06 00 38 19.210 1 *
JCT US 1996 11 12 16 59 44.030 1996 11 12 18 59 41.150 1 *
JCT US 1997 01 11 20 28 26.020 1997 01 11 22 28 23.140 1 *
JCT US 1997 01 23 02 15 22.970 1997 01 23 04 15 20.090 1 *
JCT US 1997 02 27 21 08 02.360 1997 02 27 23 07 59.480 1 *
JCT US 1997 04 21 12 02 26.430 1997 04 21 14 02 23.550 1 *
JCT US 1997 05 10 07 57 29.720 1997 05 10 09 57 26.840 1 *
JCT US 1997 05 25 23 22 33.190 1997 05 26 01 22 30.310 1 *
JCT US 1997 07 09 19 24 13.170 1997 07 09 21 24 10.290 1 *
JCT US 1997 09 20 16 11 32.150 1997 09 20 18 11 29.270 1 *
JCT US 1997 10 14 09 53 18.150 1997 10 14 11 53 15.270 1 *
JCT US 1997 10 15 01 03 33.460 1997 10 15 03 03 30.580 1 *
JCT US 1997 10 28 06 15 17.330 1997 10 28 08 15 14.450 1 *
JCT US 1997 11 08 10 02 52.610 1997 11 08 12 02 49.730 1 *
JCT US 1997 11 15 18 59 24.300 1997 11 15 20 59 21.420 1 *
JCT US 1997 11 25 12 14 33.630 1997 11 25 14 14 30.750 1 *
JCT US 1997 12 05 11 26 54.690 1997 12 05 13 26 51.810 1 *
JCT US 1997 12 22 02 05 50.080 1997 12 22 04 05 47.200 1 *
JCT US 1998 01 04 06 11 58.970 1998 01 04 08 11 56.090 1 *
JCT US 1998 01 30 12 16 08.690 1998 01 30 14 16 05.810 1 *
JCT US 1998 03 25 03 12 25.070 1998 03 25 05 12 22.190 1 *
JCT US 1998 03 29 19 48 16.210 1998 03 29 21 48 13.330 1 *
JCT US 1998 04 01 17 56 23.360 1998 04 01 19 56 20.480 1 *
JCT US 1998 05 03 23 30 21.910 1998 05 04 01 30 19.030 1 *
JCT US 1998 07 16 11 56 36.420 1998 07 16 13 56 33.540 1 *
JCT US 1998 07 17 08 49 13.280 1998 07 17 10 49 10.400 1 *
JCT US 1998 08 04 18 59 20.100 1998 08 04 20 59 17.220 1 *
JCT US 1998 08 20 06 40 55.820 1998 08 20 08 40 52.940 1 *
JCT US 1998 11 09 05 38 44.220 1998 11 09 07 38 41.340 1 *
JCT US 1998 11 29 14 10 31.960 1998 11 29 16 10 29.080 1 *
JCT US 1999 01 19 03 35 33.840 1999 01 19 05 35 30.960 1 *
JCT US 1999 02 06 21 47 59.470 1999 02 06 23 47 56.590 1 *
JCT US 1999 03 04 08 52 01.900 1999 03 04 10 51 59.020 1 *
JCT US 1999 04 05 11 08 04.000 1999 04 05 13 08 01.120 1 *
JCT US 1999 04 08 13 10 34.080 1999 04 08 15 10 31.200 1 *
JCT US 1999 05 10 20 33 02.090 1999 05 10 22 32 59.210 1 *
JCT US 1999 05 16 00 51 20.460 1999 05 16 02 51 17.580 1 *
JCT US 1999 06 15 20 42 05.930 1999 06 15 22 42 03.050 1 *
JCT US 1999 08 17 00 01 39.130 1999 08 17 02 01 36.250 1 *
JCT US 1999 09 20 17 47 18.490 1999 09 20 19 47 15.610 1 *
JCT US 1999 09 30 16 31 15.690 1999 09 30 18 31 12.810 1 *
JCT US 1999 10 16 09 46 44.460 1999 10 16 11 46 41.580 1 *
JCT US 1999 11 12 16 57 19.550 1999 11 12 18 57 16.670 1 *
JCT US 1999 11 15 05 42 43.220 1999 11 15 07 42 40.340 1 *
JCT US 1999 11 19 13 56 46.450 1999 11 19 15 56 43.570 1 *
JCT US 1999 11 26 13 21 15.570 1999 11 26 15 21 12.690 1 *
JCT US 1999 12 06 23 12 33.920 1999 12 07 01 12 31.040 1 *
JCT US 1999 12 11 18 03 36.450 1999 12 11 20 03 33.570 1 *
JCT US 2000 01 08 16 47 20.580 2000 01 08 18 47 17.700 1 *
JCT US 2000 02 25 01 43 58.640 2000 02 25 03 43 55.760 1 *
JCT US 2000 03 28 11 00 22.510 2000 03 28 13 00 19.630 1 *
JCT US 2000 04 23 09 27 23.320 2000 04 23 11 27 20.440 1 *
JCT US 2000 05 04 04 21 16.210 2000 05 04 06 21 13.330 1 *
JCT US 2000 05 12 18 43 18.120 2000 05 12 20 43 15.240 1 *
JCT US 2000 06 04 16 28 26.170 2000 06 04 18 28 23.290 1 *
JCT US 2000 06 18 14 44 13.310 2000 06 18 16 44 10.430 1 *
JCT US 2000 08 06 07 27 12.900 2000 08 06 09 27 10.020 1 *
JCT US 2000 10 04 16 58 44.310 2000 10 04 18 58 41.430 1 *
JCT US 2000 10 29 08 37 08.770 2000 10 29 10 37 05.890 1 *
JCT US 2000 11 16 04 54 56.740 2000 11 16 06 54 53.860 1 *
JCT US 2000 11 16 07 42 16.930 2000 11 16 09 42 14.050 1 *
JCT US 2000 11 17 21 01 56.490 2000 11 17 23 01 53.610 1 *
JCT US 2000 12 06 17 11 06.400 2000 12 06 19 11 03.520 1 *
JCT US 2001 01 01 06 57 04.170 2001 01 01 08 57 01.290 1 *
JCT US 2001 01 09 16 49 28.000 2001 01 09 18 49 25.120 1 *
JCT US 2001 01 10 16 02 44.230 2001 01 10 18 02 41.350 1 *
JCT US 2001 01 13 17 33 32.380 2001 01 13 19 33 29.500 1 *
JCT US 2001 01 26 03 16 40.500 2001 01 26 05 16 37.620 1 *
JCT US 2001 02 13 19 28 30.260 2001 02 13 21 28 27.380 1 *
JCT US 2001 02 24 07 23 48.730 2001 02 24 09 23 45.850 1 *
JCT US 2001 06 03 02 41 57.160 2001 06 03 04 41 54.280 1 *
JCT US 2001 06 23 20 33 14.130 2001 06 23 22 33 11.250 1 *
JCT US 2001 07 07 09 38 43.520 2001 07 07 11 38 40.640 1 *
JCT US 2001 08 21 06 52 06.250 2001 08 21 08 52 03.370 1 *
JCT US 2001 10 12 15 02 16.840 2001 10 12 17 02 13.960 1 *
JCT US 2001 10 19 03 28 44.460 2001 10 19 05 28 41.580 1 *
JCT US 2001 10 31 09 10 20.000 2001 10 31 11 10 17.120 1 *
JCT US 2001 11 14 09 26 10.010 2001 11 14 11 26 07.130 1 *
JCT US 2001 12 12 14 02 35.040 2001 12 12 16 02 32.160 1 *
JCT US 2002 01 02 17 22 48.760 2002 01 02 19 22 45.880 1 *
JCT US 2002 03 03 12 08 19.740 2002 03 03 14 08 16.860 1 *
JCT US 2002 03 05 21 16 09.130 2002 03 05 23 16 06.250 1 *
JCT US 2002 03 31 06 52 50.490 2002 03 31 08 52 47.610 1 *
JCT US 2002 04 26 16 06 07.000 2002 04 26 18 06 04.120 1 *
JCT US 2002 06 28 17 19 30.270 2002 06 28 19 19 27.390 1 *
JCT US 2002 08 19 11 01 01.190 2002 08 19 13 00 58.310 1 *
JCT US 2002 08 19 11 08 24.310 2002 08 19 13 08 21.430 1 *
JCT US 2002 09 08 18 44 23.710 2002 09 08 20 44 20.830 1 *
JCT US 2002 10 10 10 50 20.570 2002 10 10 12 50 17.690 1 *
JCT US 2002 11 02 01 26 10.700 2002 11 02 03 26 07.820 1 *
JCT US 2002 11 03 22 12 41.000 2002 11 04 00 12 38.120 1 *
JCT US 2002 11 17 04 53 53.540 2002 11 17 06 53 50.660 1 *
JCT US 2003 01 20 08 43 06.070 2003 01 20 10 43 03.190 1 *
JCT US 2003 01 22 02 06 34.610 2003 01 22 04 06 31.730 1 *
JCT US 2003 03 17 16 36 17.310 2003 03 17 18 36 14.430 1 *
JCT US 2003 05 26 09 24 33.400 2003 05 26 11 24 30.520 1 *
JCT US 2003 05 26 19 23 27.940 2003 05 26 21 23 25.060 1 *
JCT US 2003 06 20 06 19 38.910 2003 06 20 08 19 36.030 1 *
JCT US 2003 07 15 20 27 50.530 2003 07 15 22 27 47.650 1 *
JCT US 2003 08 04 04 37 20.130 2003 08 04 06 37 17.250 1 *
JCT US 2003 08 21 12 12 49.790 2003 08 21 14 12 46.910 1 *
JCT US 2003 09 25 19 50 06.360 2003 09 25 21 50 03.480 1 *
JCT US 2003 09 25 21 08 00.030 2003 09 25 23 07 57.150 1 *
JCT US 2003 09 27 11 33 25.080 2003 09 27 13 33 22.200 1 *
JCT US 2003 10 31 01 06 28.280 2003 10 31 03 06 25.400 1 *
JCT US 2003 11 17 06 43 06.800 2003 11 17 08 43 03.920 1 *
JCT US 2003 12 27 16 00 59.450 2003 12 27 18 00 56.570 1 *
JCT US 2004 01 03 16 23 21.020 2004 01 03 18 23 18.140 1 *
JCT US 2004 02 05 21 05 02.840 2004 02 05 23 04 59.960 1 *
JCT US 2004 02 07 02 42 35.210 2004 02 07 04 42 32.330 1 *
JCT US 2004 07 15 04 27 14.730 2004 07 15 06 27 11.850 1 *
JCT US 2004 07 25 14 35 19.060 2004 07 25 16 35 16.180 1 *
JCT US 2004 09 05 10 07 07.820 2004 09 05 12 07 04.940 1 *
JCT US 2004 09 05 14 57 18.610 2004 09 05 16 57 15.730 1 *
JCT US 2004 10 09 21 26 53.690 2004 10 09 23 26 50.810 1 *
JCT US 2004 11 11 21 26 41.150 2004 11 11 23 26 38.270 1 *
JCT US 2004 11 15 09 06 56.560 2004 11 15 11 06 53.680 1 *
JCT US 2004 11 22 20 26 23.900 2004 11 22 22 26 21.020 1 *
JCT US 2004 11 26 02 25 03.310 2004 11 26 04 25 00.430 1 *
JCT US 2004 11 28 18 32 14.130 2004 11 28 20 32 11.250 1 *
JCT US 2004 12 23 14 59 04.410 2004 12 23 16 59 01.530 1 *
JCT US 2004 12 26 00 58 53.450 2004 12 26 02 58 50.570 1 *
JCT US 2004 12 26 04 21 29.810 2004 12 26 06 21 26.930 1 *
JCT US 2005 02 05 12 23 18.940 2005 02 05 14 23 16.060 1 *
JCT US 2005 03 02 10 42 12.230 2005 03 02 12 42 09.350 1 *
JCT US 2005 03 28 16 09 36.530 2005 03 28 18 09 33.650 1 *
JCT US 2005 06 13 22 44 33.900 2005 06 14 00 44 31.020 1 *
JCT US 2005 06 15 02 50 54.190 2005 06 15 04 50 51.310 1 *
JCT US 2005 07 24 15 42 06.210 2005 07 24 17 42 03.330 1 *
JCT US 2005 08 16 02 46 28.400 2005 08 16 04 46 25.520 1 *
JCT US 2005 09 09 07 26 43.730 2005 09 09 09 26 40.850 1 *
JCT US 2005 09 26 01 55 37.670 2005 09 26 03 55 34.790 1 *
JCT US 2005 10 08 03 50 40.800 2005 10 08 05 50 37.920 1 *
JCT US 2005 11 14 21 38 51.420 2005 11 14 23 38 48.540 1 *
JCT US 2006 01 02 06 10 49.760 2006 01 02 08 10 46.880 1 *
JCT US 2006 01 02 22 13 40.490 2006 01 03 00 13 37.610 1 *
JCT US 2006 01 27 16 58 53.670 2006 01 27 18 58 50.790 1 *
JCT US 2006 02 22 22 19 07.800 2006 02 23 00 19 04.920 1 *
JCT US 2006 04 20 23 25 02.150 2006 04 21 01 24 59.270 1 *
JCT US 2006 05 03 15 26 40.290 2006 05 03 17 26 37.410 1 *
JCT US 2006 05 16 10 39 23.340 2006 05 16 12 39 20.460 1 *
JCT US 2006 07 17 08 19 26.680 2006 07 17 10 19 23.800 1 *
JCT US 2006 08 20 03 41 48.040 2006 08 20 05 41 45.160 1 *
JCT US 2006 11 15 11 14 13.570 2006 11 15 13 14 10.690 1 *
JCT US 2006 12 26 12 26 21.140 2006 12 26 14 26 18.260 1 *
JCT US 2007 01 13 04 23 21.160 2007 01 13 06 23 18.280 1 *
JCT US 2007 01 21 11 27 45.060 2007 01 21 13 27 42.180 1 *
JCT US 2007 03 25 00 40 01.610 2007 03 25 02 39 58.730 1 *
JCT US 2007 04 01 20 39 58.710 2007 04 01 22 39 55.830 1 *
JCT US 2007 08 01 17 08 51.400 2007 08 01 19 08 48.520 1 *
JCT US 2007 08 08 17 05 04.920 2007 08 08 19 05 02.040 1 *
JCT US 2007 08 15 23 40 57.890 2007 08 16 01 40 55.010 1 *
JCT US 2007 09 02 01 05 18.150 2007 09 02 03 05 15.270 1 *
JCT US 2007 09 12 11 10 26.830 2007 09 12 13 10 23.950 1 *
JCT US 2007 09 12 23 49 03.720 2007 09 13 01 49 00.840 1 *
JCT US 2007 09 13 03 35 28.720 2007 09 13 05 35 25.840 1 *
JCT US 2007 09 28 13 38 57.880 2007 09 28 15 38 55.000 1 *
JCT US 2007 09 30 05 23 34.070 2007 09 30 07 23 31.190 1 *
JCT US 2007 10 31 03 30 15.960 2007 10 31 05 30 13.080 1 *
JCT US 2007 11 14 15 40 50.530 2007 11 14 17 40 47.650 1 *
JCT US 2007 11 29 19 00 20.420 2007 11 29 21 00 17.540 1 *
JCT US 2007 12 09 07 28 20.820 2007 12 09 09 28 17.940 1 *
JCT US 2007 12 19 09 30 27.930 2007 12 19 11 30 25.050 1 *
JCT US 2008 02 20 08 08 30.520 2008 02 20 10 08 27.640 1 *
JCT US 2008 02 25 08 36 33.030 2008 02 25 10 36 30.150 1 *
JCT US 2008 03 20 22 32 57.930 2008 03 21 00 32 55.050 1 *
JCT US 2008 04 09 12 46 12.720 2008 04 09 14 46 09.840 1 *
JCT US 2008 04 12 00 30 12.600 2008 04 12 02 30 09.720 1 *
JCT US 2008 05 12 06 28 01.570 2008 05 12 08 27 58.690 1 *
JCT US 2008 06 30 06 17 43.020 2008 06 30 08 17 40.140 1 *
JCT US 2008 07 05 02 12 04.480 2008 07 05 04 12 01.600 1 *
JCT US 2008 07 19 02 39 28.700 2008 07 19 04 39 25.820 1 *
JCT US 2008 09 29 15 19 31.590 2008 09 29 17 19 28.710 1 *
JCT US 2008 11 16 17 02 32.700 2008 11 16 19 02 29.820 1 *
JCT US 2008 11 24 09 02 58.760 2008 11 24 11 02 55.880 1 *
JCT US 2009 01 03 19 43 50.650 2009 01 03 21 43 47.770 1 *
JCT US 2009 01 03 22 33 40.290 2009 01 04 00 33 37.410 1 *
JCT US 2009 01 15 17 49 39.070 2009 01 15 19 49 36.190 1 *
JCT US 2009 02 11 17 34 50.490 2009 02 11 19 34 47.610 1 *
JCT US 2009 02 18 21 53 45.160 2009 02 18 23 53 42.280 1 *
JCT US 2009 03 19 18 17 40.470 2009 03 19 20 17 37.590 1 *
JCT US 2009 05 28 08 24 46.560 2009 05 28 10 24 43.680 1 *
JCT US 2009 07 15 09 22 29.030 2009 07 15 11 22 26.150 1 *
JCT US 2009 08 09 10 55 55.110 2009 08 09 12 55 52.230 1 *
JCT US 2009 08 10 19 55 38.730 2009 08 10 21 55 35.850 1 *
JCT US 2009 09 02 07 55 01.050 2009 09 02 09 54 58.170 1 *
JCT US 2009 09 29 17 48 10.990 2009 09 29 19 48 08.110 1 *
JCT US 2009 09 30 10 16 09.250 2009 09 30 12 16 06.370 1 *
JCT US 2009 10 07 22 03 14.470 2009 10 08 00 03 11.590 1 *
JCT US 2009 10 07 22 18 51.240 2009 10 08 00 18 48.360 1 *
JCT US 2009 10 07 23 13 48.160 2009 10 08 01 13 45.280 1 *
JCT US 2009 11 09 10 44 55.110 2009 11 09 12 44 52.230 1 *
JCT US 2010 01 03 22 36 25.640 2010 01 04 00 36 22.760 1 *
JCT US 2010 01 12 21 53 10.060 2010 01 12 23 53 07.180 1 *
JCT US 2010 02 26 20 31 26.970 2010 02 26 22 31 24.090 1 *
JCT US 2010 02 27 06 34 11.530 2010 02 27 08 34 08.650 1 *
JCT US 2010 02 27 08 01 23.010 2010 02 27 10 01 20.130 1 *
JCT US 2010 03 11 14 55 27.510 2010 03 11 16 55 24.630 1 *
JCT US 2010 04 04 22 40 42.360 2010 04 05 00 40 39.480 1 *
JCT US 2010 04 06 22 15 01.580 2010 04 07 00 14 58.700 1 *
JCT US 2010 05 09 05 59 41.620 2010 05 09 07 59 38.740 1 *
JCT US 2010 05 27 17 14 46.570 2010 05 27 19 14 43.690 1 *
JCT US 2010 06 12 19 26 50.460 2010 06 12 21 26 47.580 1 *
JCT US 2010 06 16 03 16 27.550 2010 06 16 05 16 24.670 1 *
JCT US 2010 07 18 13 34 59.360 2010 07 18 15 34 56.480 1 *
JCT US 2010 07 23 22 08 11.250 2010 07 24 00 08 08.370 1 *
JCT US 2010 07 23 22 51 11.840 2010 07 24 00 51 08.960 1 *
JCT US 2010 07 23 23 15 10.190 2010 07 24 01 15 07.310 1 *
JCT US 2010 08 04 22 01 43.620 2010 08 05 00 01 40.740 1 *
JCT US 2010 08 10 05 23 44.980 2010 08 10 07 23 42.100 1 *
JCT US 2010 08 12 11 54 15.580 2010 08 12 13 54 12.700 1 *
JCT US 2010 09 03 16 35 47.770 2010 09 03 18 35 44.890 1 *
JCT US 2010 09 29 17 11 25.940 2010 09 29 19 11 23.060 1 *
JCT US 2010 10 25 14 42 22.460 2010 10 25 16 42 19.580 1 *
JCT US 2010 12 21 17 19 40.660 2010 12 21 19 19 37.780 1 *
JCT US 2010 12 25 13 16 37.000 2010 12 25 15 16 34.120 1 *
JCT US 2011 01 01 09 56 58.120 2011 01 01 11 56 55.240 1 *
JCT US 2011 01 02 20 20 17.780 2011 01 02 22 20 14.900 1 *
JCT US 2011 01 13 16 16 41.540 2011 01 13 18 16 38.660 1 *
JCT US 2011 01 18 20 23 23.480 2011 01 18 22 23 20.600 1 *
JCT US 2011 03 09 02 45 20.330 2011 03 09 04 45 17.450 1 *
JCT US 2011 03 11 05 46 24.120 2011 03 11 07 46 21.240 1 *
JCT US 2011 03 11 06 15 40.280 2011 03 11 08 15 37.400 1 *
JCT US 2011 03 11 06 25 50.300 2011 03 11 08 25 47.420 1 *
JCT US 2011 04 07 14 32 43.290 2011 04 07 16 32 40.410 1 *
JCT US 2011 06 24 03 09 39.470 2011 06 24 05 09 36.590 1 *
JCT US 2011 07 06 19 03 18.260 2011 07 06 21 03 15.380 1 *
JCT US 2011 07 10 00 57 10.800 2011 07 10 02 57 07.920 1 *
JCT US 2011 08 20 16 55 02.810 2011 08 20 18 54 59.930 1 *
JCT US 2011 08 20 18 19 23.550 2011 08 20 20 19 20.670 1 *
JCT US 2011 08 24 17 46 11.650 2011 08 24 19 46 08.770 1 *
JCT US 2011 09 03 22 55 40.920 2011 09 04 00 55 38.040 1 *
JCT US 2011 09 15 19 31 04.080 2011 09 15 21 31 01.200 1 *
JCT US 2011 10 21 17 57 16.100 2011 10 21 19 57 13.220 1 *
JCT US 2011 10 23 10 41 23.250 2011 10 23 12 41 20.370 1 *
JCT US 2011 12 14 05 04 58.630 2011 12 14 07 04 55.750 1 *
JCT US 2012 01 10 18 36 59.080 2012 01 10 20 36 56.200 1 *
JCT US 2012 02 02 13 34 40.650 2012 02 02 15 34 37.770 1 *
JCT US 2012 03 20 18 02 47.440 2012 03 20 20 02 44.560 1 *
JCT US 2012 03 25 22 37 06.000 2012 03 26 00 37 03.120 1 *
JCT US 2012 04 11 08 38 36.720 2012 04 11 10 38 33.840 1 *
JCT US 2012 04 11 10 43 10.850 2012 04 11 12 43 07.970 1 *
JCT US 2012 04 12 07 15 48.500 2012 04 12 09 15 45.620 1 *
JCT US 2012 08 14 02 59 38.460 2012 08 14 04 59 35.580 1 *
JCT US 2012 08 27 04 37 19.430 2012 08 27 06 37 16.550 1 *
JCT US 2012 08 31 12 47 33.380 2012 08 31 14 47 30.500 1 *
JCT US 2012 09 05 14 42 07.800 2012 09 05 16 42 04.920 1 *
JCT US 2012 09 30 16 31 35.970 2012 09 30 18 31 33.090 1 *
JCT US 2012 10 28 03 04 08.820 2012 10 28 05 04 05.940 1 *
JCT US 2012 11 07 16 35 46.930 2012 11 07 18 35 44.050 1 *
JCT US 2012 12 07 08 18 23.130 2012 12 07 10 18 20.250 1 *
JCT US 2012 12 10 16 53 08.770 2012 12 10 18 53 05.890 1 *
JCT US 2013 01 05 08 58 19.330 2013 01 05 10 58 16.450 1 *
JCT US 2013 02 06 01 12 25.830 2013 02 06 03 12 22.950 1 *
JCT US 2013 02 06 01 23 19.760 2013 02 06 03 23 16.880 1 *
JCT US 2013 02 06 01 54 14.610 2013 02 06 03 54 11.730 1 *
JCT US 2013 02 08 15 26 38.470 2013 02 08 17 26 35.590 1 *
JCT US 2013 04 06 04 42 35.860 2013 04 06 06 42 32.980 1 *
JCT US 2013 04 16 10 44 20.180 2013 04 16 12 44 17.300 1 *
JCT US 2013 04 19 03 05 52.650 2013 04 19 05 05 49.770 1 *
JCT US 2013 05 23 17 19 04.750 2013 05 23 19 19 01.870 1 *
JCT US 2013 05 24 05 44 48.980 2013 05 24 07 44 46.100 1 *
JCT US 2013 07 07 18 35 30.740 2013 07 07 20 35 27.860 1 *
JCT US 2013 07 15 14 03 39.880 2013 07 15 16 03 37.000 1 *
JCT US 2013 08 30 16 25 02.300 2013 08 30 18 24 59.420 1 *
JCT US 2013 09 24 11 29 47.970 2013 09 24 13 29 45.090 1 *
JCT US 2013 09 25 16 42 43.170 2013 09 25 18 42 40.290 1 *
JCT US 2013 10 15 00 12 32.050 2013 10 15 02 12 29.170 1 *
JCT US 2013 10 25 17 10 19.710 2013 10 25 19 10 16.830 1 *
JCT US 2013 11 17 09 04 55.530 2013 11 17 11 04 52.650 1 *
JCT US 2013 11 25 06 27 33.300 2013 11 25 08 27 30.420 1 *
JCT US 2014 04 01 23 46 47.260 2014 04 02 01 46 44.380 1 *
JCT US 2014 04 03 02 43 13.110 2014 04 03 04 43 10.230 1 *
JCT US 2014 04 11 07 07 23.130 2014 04 11 09 07 20.250 1 *
JCT US 2014 04 12 20 14 39.300 2014 04 12 22 14 36.420 1 *
JCT US 2014 04 13 12 36 19.230 2014 04 13 14 36 16.350 1 *
JCT US 2014 04 18 14 27 24.920 2014 04 18 16 27 22.040 1 *
JCT US 2014 04 19 13 28 00.810 2014 04 19 15 27 57.930 1 *
JCT US 2014 06 23 20 53 09.700 2014 06 23 22 53 06.820 1 *
JCT US 2014 10 09 02 14 31.440 2014 10 09 04 14 28.560 1 *
JCT US 2014 10 14 03 51 34.460 2014 10 14 05 51 31.580 1 *
JCT US 2014 11 01 18 57 22.380 2014 11 01 20 57 19.500 1 *
JCT US 2014 11 15 02 31 41.720 2014 11 15 04 31 38.840 1 *
JCT US 2015 02 13 18 59 12.230 2015 02 13 20 59 09.350 1 *
JCT US 2015 02 27 13 45 05.370 2015 02 27 15 45 02.490 1 *
JCT US 2015 03 29 23 48 31.010 2015 03 30 01 48 28.130 1 *
JCT US 2015 04 25 06 11 25.950 2015 04 25 08 11 23.070 1 *
JCT US 2015 05 05 01 44 06.380 2015 05 05 03 44 03.500 1 *
JCT US 2015 05 07 07 10 19.590 2015 05 07 09 10 16.710 1 *
JCT US 2015 05 12 07 05 19.730 2015 05 12 09 05 16.850 1 *
JCT US 2015 05 30 11 23 02.110 2015 05 30 13 22 59.230 1 *
JCT US 2015 06 17 12 51 32.790 2015 06 17 14 51 29.910 1 *
JCT US 2015 07 18 02 27 33.820 2015 07 18 04 27 30.940 1 *
JCT US 2015 07 27 21 41 21.710 2015 07 27 23 41 18.830 1 *
JCT US 2015 09 16 22 54 32.860 2015 09 17 00 54 29.980 1 *
JCT US 2015 09 16 23 18 41.850 2015 09 17 01 18 38.970 1 *
JCT US 2015 10 20 21 52 02.560 2015 10 20 23 51 59.680 1 *
JCT US 2015 10 26 09 09 42.560 2015 10 26 11 09 39.680 1 *
JCT US 2015 11 24 22 45 38.880 2015 11 25 00 45 36.000 1 *
JCT US 2015 11 24 22 50 54.370 2015 11 25 00 50 51.490 1 *
JCT US 2015 12 04 22 25 00.110 2015 12 05 00 24 57.230 1 *
JCT US 2015 12 07 07 50 05.950 2015 12 07 09 50 03.070 1 *
JCT US 2016 01 24 10 30 30.230 2016 01 24 12 30 27.350 1 *
JCT US 2016 01 30 03 25 12.220 2016 01 30 05 25 09.340 1 *
JCT US 2016 03 02 12 49 48.110 2016 03 02 14 49 45.230 1 *
JCT US 2016 04 15 16 25 06.220 2016 04 15 18 25 03.340 1 *
JCT US 2016 04 16 23 58 36.980 2016 04 17 01 58 34.100 1 *
JCT US 2016 04 28 19 33 24.070 2016 04 28 21 33 21.190 1 *
JCT US 2016 05 28 09 46 59.780 2016 05 28 11 46 56.900 1 *
JCT US 2016 07 29 21 18 24.740 2016 07 29 23 18 21.860 1 *
JCT US 2016 08 12 01 26 36.280 2016 08 12 03 26 33.400 1 *
JCT US 2016 08 19 07 32 22.710 2016 08 19 09 32 19.830 1 *
JCT US 2016 08 29 04 29 57.860 2016 08 29 06 29 54.980 1 *
JCT US 2016 09 01 16 37 57.300 2016 09 01 18 37 54.420 1 *
JCT US 2016 11 13 11 02 56.340 2016 11 13 13 02 53.460 1 *
JCT US 2016 12 08 17 38 46.280 2016 12 08 19 38 43.400 1 *
JCT US 2016 12 17 10 51 10.500 2016 12 17 12 51 07.620 1 *
JCT US 2016 12 25 14 22 27.050 2016 12 25 16 22 24.170 1 *