ISCO US 2013 01 05 08 58 19.330 2013 01 05 10 58 16.450 1 *
ISCO US 2013 02 06 01 12 25.830 2013 02 06 03 12 22.950 1 *
ISCO US 2013 02 06 01 23 19.760 2013 02 06 03 23 16.880 1 *
ISCO US 2013 02 06 01 54 14.610 2013 02 06 03 54 11.730 1 *
ISCO US 2013 02 08 15 26 38.470 2013 02 08 17 26 35.590 1 *
ISCO US 2013 04 06 04 42 35.860 2013 04 06 06 42 32.980 1 *
ISCO US 2013 04 16 10 44 20.180 2013 04 16 12 44 17.300 1 *
ISCO US 2013 04 19 03 05 52.650 2013 04 19 05 05 49.770 1 *
ISCO US 2013 05 23 17 19 04.750 2013 05 23 19 19 01.870 1 *
ISCO US 2013 05 24 05 44 48.980 2013 05 24 07 44 46.100 1 *
ISCO US 2013 07 07 18 35 30.740 2013 07 07 20 35 27.860 1 *
ISCO US 2013 07 15 14 03 39.880 2013 07 15 16 03 37.000 1 *
ISCO US 2013 08 30 16 25 02.300 2013 08 30 18 24 59.420 1 *
ISCO US 2013 09 24 11 29 47.970 2013 09 24 13 29 45.090 1 *
ISCO US 2013 09 25 16 42 43.170 2013 09 25 18 42 40.290 1 *
ISCO US 2013 10 15 00 12 32.050 2013 10 15 02 12 29.170 1 *
ISCO US 2013 10 25 17 10 19.710 2013 10 25 19 10 16.830 1 *
ISCO US 2013 11 17 09 04 55.530 2013 11 17 11 04 52.650 1 *
ISCO US 2013 11 25 06 27 33.300 2013 11 25 08 27 30.420 1 *
ISCO US 2014 04 01 23 46 47.260 2014 04 02 01 46 44.380 1 *
ISCO US 2014 04 03 02 43 13.110 2014 04 03 04 43 10.230 1 *
ISCO US 2014 04 11 07 07 23.130 2014 04 11 09 07 20.250 1 *
ISCO US 2014 04 12 20 14 39.300 2014 04 12 22 14 36.420 1 *
ISCO US 2014 04 13 12 36 19.230 2014 04 13 14 36 16.350 1 *
ISCO US 2014 04 18 14 27 24.920 2014 04 18 16 27 22.040 1 *
ISCO US 2014 04 19 13 28 00.810 2014 04 19 15 27 57.930 1 *
ISCO US 2014 06 23 20 53 09.700 2014 06 23 22 53 06.820 1 *
ISCO US 2014 10 09 02 14 31.440 2014 10 09 04 14 28.560 1 *
ISCO US 2014 10 14 03 51 34.460 2014 10 14 05 51 31.580 1 *
ISCO US 2014 11 01 18 57 22.380 2014 11 01 20 57 19.500 1 *
ISCO US 2014 11 15 02 31 41.720 2014 11 15 04 31 38.840 1 *
ISCO US 2015 02 13 18 59 12.230 2015 02 13 20 59 09.350 1 *
ISCO US 2015 02 27 13 45 05.370 2015 02 27 15 45 02.490 1 *
ISCO US 2015 03 29 23 48 31.010 2015 03 30 01 48 28.130 1 *
ISCO US 2015 04 25 06 11 25.950 2015 04 25 08 11 23.070 1 *
ISCO US 2015 05 05 01 44 06.380 2015 05 05 03 44 03.500 1 *
ISCO US 2015 05 07 07 10 19.590 2015 05 07 09 10 16.710 1 *
ISCO US 2015 05 12 07 05 19.730 2015 05 12 09 05 16.850 1 *
ISCO US 2015 05 30 11 23 02.110 2015 05 30 13 22 59.230 1 *
ISCO US 2015 06 17 12 51 32.790 2015 06 17 14 51 29.910 1 *
ISCO US 2015 07 18 02 27 33.820 2015 07 18 04 27 30.940 1 *
ISCO US 2015 07 27 21 41 21.710 2015 07 27 23 41 18.830 1 *
ISCO US 2015 09 16 22 54 32.860 2015 09 17 00 54 29.980 1 *
ISCO US 2015 09 16 23 18 41.850 2015 09 17 01 18 38.970 1 *
ISCO US 2015 10 20 21 52 02.560 2015 10 20 23 51 59.680 1 *
ISCO US 2015 10 26 09 09 42.560 2015 10 26 11 09 39.680 1 *
ISCO US 2015 11 24 22 45 38.880 2015 11 25 00 45 36.000 1 *
ISCO US 2015 11 24 22 50 54.370 2015 11 25 00 50 51.490 1 *
ISCO US 2015 12 04 22 25 00.110 2015 12 05 00 24 57.230 1 *
ISCO US 2015 12 07 07 50 05.950 2015 12 07 09 50 03.070 1 *
ISCO US 2016 01 24 10 30 30.230 2016 01 24 12 30 27.350 1 *
ISCO US 2016 01 30 03 25 12.220 2016 01 30 05 25 09.340 1 *
ISCO US 2016 03 02 12 49 48.110 2016 03 02 14 49 45.230 1 *
ISCO US 2016 04 15 16 25 06.220 2016 04 15 18 25 03.340 1 *
ISCO US 2016 04 16 23 58 36.980 2016 04 17 01 58 34.100 1 *
ISCO US 2016 04 28 19 33 24.070 2016 04 28 21 33 21.190 1 *
ISCO US 2016 05 28 09 46 59.780 2016 05 28 11 46 56.900 1 *
ISCO US 2016 07 29 21 18 24.740 2016 07 29 23 18 21.860 1 *
ISCO US 2016 08 12 01 26 36.280 2016 08 12 03 26 33.400 1 *
ISCO US 2016 08 19 07 32 22.710 2016 08 19 09 32 19.830 1 *
ISCO US 2016 08 29 04 29 57.860 2016 08 29 06 29 54.980 1 *
ISCO US 2016 09 01 16 37 57.300 2016 09 01 18 37 54.420 1 *
ISCO US 2016 11 13 11 02 56.340 2016 11 13 13 02 53.460 1 *
ISCO US 2016 12 08 17 38 46.280 2016 12 08 19 38 43.400 1 *
ISCO US 2016 12 17 10 51 10.500 2016 12 17 12 51 07.620 1 *
ISCO US 2016 12 25 14 22 27.050 2016 12 25 16 22 24.170 1 *