WMOK US 2015 02 13 18 59 12.230 2015 02 13 20 59 09.350 1 *
WMOK US 2015 02 27 13 45 05.370 2015 02 27 15 45 02.490 1 *
WMOK US 2015 03 29 23 48 31.010 2015 03 30 01 48 28.130 1 *
WMOK US 2015 04 25 06 11 25.950 2015 04 25 08 11 23.070 1 *
WMOK US 2015 05 05 01 44 06.380 2015 05 05 03 44 03.500 1 *
WMOK US 2015 05 07 07 10 19.590 2015 05 07 09 10 16.710 1 *
WMOK US 2015 05 12 07 05 19.730 2015 05 12 09 05 16.850 1 *
WMOK US 2015 05 30 11 23 02.110 2015 05 30 13 22 59.230 1 *
WMOK US 2015 06 17 12 51 32.790 2015 06 17 14 51 29.910 1 *
WMOK US 2015 07 18 02 27 33.820 2015 07 18 04 27 30.940 1 *
WMOK US 2015 07 27 21 41 21.710 2015 07 27 23 41 18.830 1 *
WMOK US 2015 09 16 22 54 32.860 2015 09 17 00 54 29.980 1 *
WMOK US 2015 09 16 23 18 41.850 2015 09 17 01 18 38.970 1 *
WMOK US 2015 10 20 21 52 02.560 2015 10 20 23 51 59.680 1 *
WMOK US 2015 10 26 09 09 42.560 2015 10 26 11 09 39.680 1 *
WMOK US 2015 11 24 22 45 38.880 2015 11 25 00 45 36.000 1 *
WMOK US 2015 11 24 22 50 54.370 2015 11 25 00 50 51.490 1 *
WMOK US 2015 12 04 22 25 00.110 2015 12 05 00 24 57.230 1 *
WMOK US 2015 12 07 07 50 05.950 2015 12 07 09 50 03.070 1 *
WMOK US 2016 01 24 10 30 30.230 2016 01 24 12 30 27.350 1 *
WMOK US 2016 01 30 03 25 12.220 2016 01 30 05 25 09.340 1 *
WMOK US 2016 03 02 12 49 48.110 2016 03 02 14 49 45.230 1 *
WMOK US 2016 04 15 16 25 06.220 2016 04 15 18 25 03.340 1 *
WMOK US 2016 04 16 23 58 36.980 2016 04 17 01 58 34.100 1 *
WMOK US 2016 04 28 19 33 24.070 2016 04 28 21 33 21.190 1 *
WMOK US 2016 05 28 09 46 59.780 2016 05 28 11 46 56.900 1 *
WMOK US 2016 07 29 21 18 24.740 2016 07 29 23 18 21.860 1 *
WMOK US 2016 08 12 01 26 36.280 2016 08 12 03 26 33.400 1 *
WMOK US 2016 08 19 07 32 22.710 2016 08 19 09 32 19.830 1 *
WMOK US 2016 08 29 04 29 57.860 2016 08 29 06 29 54.980 1 *
WMOK US 2016 09 01 16 37 57.300 2016 09 01 18 37 54.420 1 *
WMOK US 2016 11 13 11 02 56.340 2016 11 13 13 02 53.460 1 *
WMOK US 2016 12 08 17 38 46.280 2016 12 08 19 38 43.400 1 *
WMOK US 2016 12 17 10 51 10.500 2016 12 17 12 51 07.620 1 *
WMOK US 2016 12 25 14 22 27.050 2016 12 25 16 22 24.170 1 *